16817
1044
5749
8430
5002
10546
12276
5590
5739
15725
12227
18525
7181
1157
9375
14263
2624
8365
8175
7686
3163
1108
16682
14404
12963
10871
2145
2849
5054
1004
3237
11760
4416
1569
4888
16218
5222
14335
3648
11663
16407
2203
2014
1338
3086
11433
6372
14208
12108
4394
9945
5734
5083
1438
1100
14563
1030
8792
1544
5618
16880
5425
17168
2042
4005
18995
16058
11021
10475
1189
17702
17623
2562
15373
7368
4084
13957
9856
4360
6175
17136
7093
3284
3570
1012
15290
1751
17064
2454
1000
5571
18274
1560
4181
3727
12257
1014
9826
3573
4118
16976
1247
2893
4244
2292
16770
11610
12937
7482
2466
14721
11277
7408
15788
1471
4658
7696
1363
10101
12910
1116
5811
1159
3797
6597
11838
15706
17407
3781
10498
3723
1187
11264
13414
1048
1622
6977
4052
15978
6457
19917
18496
3678
13854
1921
14204
2367
2340
17698
10953
3018
5130
2175
2275
2198
4229
6131
8540
1631
5595
11059
2468
7673
1003
2067
1416
1511
13143
1499
1205
10322
1640
1200
3431
13785
2547
10569
13357
2397
5051
2705
3390
3574
3871
3716
7796
9705
3064
3462
2613
1160
1476
16769
19879
2134
6331
3980
4501
9274
1963
1171
2000
6645
17541
1019
4681
1635
1778
4424
3189
17810
1147
1166
18617
10519
3469
9725
12229
1265
1000
18913
6082
1634
1581
14027
18635
1570
1517
1560
1012
8883
2449
3889
3456
8440
2390
19867
3751
1239
1502
9086
4300
1069
1065
3318
15596
10460
9246
1006
2096
3215
3950
1285
5878
2275
8927
4175
7635
3060
10349
9613
3301
2989
9220
5734
5668
18783
4759
12393
1006
4238
9698
3298
15840
2947
12820
2126
1642
1009
1012
8342
3231
1263
18458
7103
1005
1047
7996
1000
1377
5118
1170
6050
1441
1630
12465
1018
1050
12708
7199
4374
6865
1936
6496
1186
17306
3973
7327
8489
12643
18625
9451
1058
3090
18495
18157
2353
11336
1094
1632
1064
11186
8947
7546
2186
4295
10411
10235
2556
15413
17545
1164
2614
17167
2923
7990
8251
3127
1030
6665
7258
1234
1007
11533
9182
14185
1148
17348
17462
1317
8179
10635
7376
4339
16336
3448
6252
7759
19701
5610
1234
9757
16449
1021
2736
2704
15764
7232
1012
7091
5657
3880
1094
3128
7443
12874
4944
15947
3649
10883
9585
3159
6628
5418
4495
18383
3765
15830
3371
2454
11850
2068
12375
1358
16394
19741
15138
11223
11260
17725
3952
14461
1429
3805
1656
17385
1002
11217
1078
16948
1056
15586
4730
11072
14188
18907
15343
2040
9323
4646
10574
18089
9913
16382
6095
1992
3772
10164
14579
14773
4019
18147
10646
1657
1238
13886
1471
1476
1490
3093
8717
11086
8917
2134
13342
15017
9666
1000
8389
1001
1471
11518
18753
16788
13305
1112
8827
14233
4785
3865
7690
7726
12534
5893
1051
1049
5272
1498
3013
5489
4442
13724
19361
1691
4352
10843
7123
1985
4467
1138
8137
6995
5123
1545
11708
4776
13403
1100
17164
7650
2323
11909
11820
1971
2362
9881
2904
18942
8140
5106
3464
16235
2301
16564
10079
16425
1692
7853
10296
2041
1737
1102
8396
1412
16962
1970
18506
15320
1726
2555
19252
3275
1023
6325
1393
19019
4515
19417
16235
2576
8195
1630
2114
3607
12230
1397
5180
9953
17039
6579
9556
5366
2720
2407
4269
6619
4986
3353
4544
2290
1159
2983
12642
16773
1335
2481
4205
13242
15689
5293
18425
2165
7780
2960
3127
2749
4453
5473
8523
9656
16397
12818
10220
12893
11429
1006
8712
7390
7679
18428
5039
13089
5270
2608
1788
1309
10514
1019
1958
5747
8247
15942
6952
12209
7900
10615
10822
1007
11867
8374
11386
1014
1002
3797
16952
17586
17817
13648
3894
4770
9179
2379
1324
5517
3940
11696
12590
2837
2124
1961
4135
15499
1263
16232
4439
17366
3820
1073
4091
11626
3976
7292
1000
2625
14363
2707
7479
2669
2538
4696
4381
12143
1810
10418
4755
3468
3864
10756
1013
1868
1001
1042
1266
2065
13580
14419
5034
14303
16886
1699
1746
7964
18693
1470
9590
1131
1355
18352
14722
17352
1888
19477
2864
3215
1504
14914
1272
3419
1736
16517
2829
16388
1589
3520
18110
10157
11660
13997
6878
16817
1039
1993
1001
1750
3625
1553
19875
16373
16929
12494
15368
2033
1406
1851
12017
6610
6857
1388
4708
18075
10432
15094
1203
1045
1835
3336
4156
6988
1089
7032
17981
2431
1199
1464
1742
1314
14120
7797
5106
1085
12104
10335
17756
16091
1477
6850
7623
15752
9977
1519
19318
3642
1099
3561
6722
10711
1106
4973
1312
13480
10773
3359
7516
5709
9198
1948
15597
12848
7604
13268
1124
1999
15799
3174
7259
2864
11870
17226
13317
1061
8606
3130
15557
4156
10426
1270
12151
1450
10293
6495
1747
1653
17124
3268
19753
12274
1995
15385
9265
19531
4542
7250
6614
1119
13754
1266
6404
7596
5213
17261
7999
1127
6102
6652
17871
11298
6686
7253
6265
12037
1890
15831
1793
2029
2008
7028
3876
3130
13505
13072
7094
7171
5519
6806
15642
4999
19504
6087
1002
15500
2772
1344
9474
3359
12998
1282
5575
2494
14622
17561
7625
2883
8170
13032
17383
4664
8569
11739
3315
4818
17471
1371
2521
2583
19357
1332
5200
6390
4532
7952
12371
12476
8854
13620
6248
3041
6650
16481
1905
4295
1300
9096
1269
1704
5699
1988
5859
4196
16070
5464
1020
1085
16016
1430
16398
6120
7140
12244
19502
13708
4302
7496
1075
9157
11727
14409
6462
11673
4619
1587
1449
9299
2235
1351
1013
4938
15441
13275
5722
4410
13698
3223
1000
9800
7199
6164
15624
14511
15938
4733
12470
8853
2783
17877
1008
4186
1317
13910
18885
3520
13727
3844
7930
2046
18142
3147
12951
12201
2574
18761
15073
16238
14790
17402
3830
19572
9071
13396
4261
3384
10762
1082
2235
1255
